342
332
419
491
348
435
301
395
388
399
377
405
353
382
352
353
408
377
376
370
469
403
389
346
395
376
352
297
443
429
423
443
432
417
401
373
446
404
394
424
360
394
375
426
355
441
370
348
348
405
423
359
330
348
372
393
404
355
393
397
398
389
406
391
362
334
365
389
361
415
443
404
402
430
416
404
380
412
424
355
380
392
352
373
336
361
339
378
396
412
444
381
417
453
407
349
388
432
369
445
362
365
423
379
308
449
395
414
411
400
410
341
418
412
400
426
427
346
330
442
437
426
410
470
372
410
455
339
434
385
482
343
416
424
406
391
327
405
367
399
428
413
402
407
386
425
390
396
415
400
466
335
318
417
434
399
386
396
368
326
425
332
375
465
362
408
402
390
366
405
421
438
454
350
473
449
400
425
410
353
382
443
356
410
387
314
455
431
399
430
348
356
442
403
394
386
346
476
475
436
386
377
390
380
435
341
312
410
397
347
390
334
345
346
369
388
339
360
386
385
362
401
404
385
401
375
394
426
420
331
439
373
464
444
423
362
387
460
407
381
420
346
327
336
384
377
390
449
379
443
408
353
443
435
431
398
