125
114
122
130
132
126
137
120
125
137
138
136
125
125
119
130
138
129
135
127
133
126
132
127
134
122
129
128
133
130
132
132
147
123
136
128
132
123
130
131
132
130
135
123
123
128
128
134
119
135
130
126
125
119
124
134
125
136
138
135
125
131
127
123
128
128
125
135
131
125
134
140
135
134
136
132
125
134
122
135
122
119
136
136
126
127
127
135
132
130
132
126
120
121
125
124
125
122
130
140
133
133
131
128
124
133
122
124
121
124
136
137
129
130
127
131
123
119
118
133
129
140
134
117
141
131
130
115
138
131
129
128
125
129
126
128
133
119
122
129
130
138
129
126
127
130
127
128
133
129
120
140
123
136
137
128
126
124
137
123
142
122
130
133
135
134
128
126
115
120
127
125
126
118
122
120
134
145
135
123
137
124
128
132
127
129
130
134
125
142
126
137
113
134
136
131
129
132
114
130
124
131
123
122
140
123
127
127
135
133
115
127
141
127
132
125
146
124
125
129
139
119
131
133
117
132
139
131
146
137
128
120
126
129
126
125
121
122
128
124
134
128
126
130
130
126
126
131
129
133
136
124
130
143
126
124
