0010001101001000010111110001000110100001111010000111000000111110101000100100100100010100000100111000111001001111010000111110111110011111010010101101000011000111010100011000101011010110000110010110101100101100100111101010100100100011011111010010010100111111
0000011011110100101010100100011110100000101001110110101100111111011100110111011100110101001001001011111100001010110110010110001001110001100111001000000101100111000011000011001001001000001101010110011011010000110111111001101001110001000100111001001011100100
0110110110101011001100100110111111100101001101001001111111001011110011001100001101000010100100111100110100111010101111011001010101111001000010010010001011010100001100001111111100011101001100100001001010110110110100110101110110000001101010011000001010001110
1100001110110000010010101010000101001000010101110110110011101000011111010010111111100110001111100110000000010111010000010010011100100111011100010101010011010111001001100010111001010010000111111100111010110111011101010111011001100011010010001001000010010101
0011100001110011101110001000110011101011001100100000001111010100100101011111110000110010110100001001101011100110101001100001110001110000101111110010110111111010001101010101000111001101110101100011100000001001110011110101101011111100001000001101110111110100
1110000110011010011111110111100101011000010100011010011000000100000100100101011011001000010111111110010111001100001101100111000110001101000100111111001010000110010100010101001100110000001000001110001111010111011011010000011010000101100011111111101010000000
0001101001111001111011110001101110011101001000010001010101110101110100111110000010111110111111110000010110010111010000001100110011100010000010000100101011111000111011110011101001100101000001010010101110111000100001110010100101110110110101100110110110101101
1010101101100010000110101001011011101000100101110001100111011111001011011110111001001111111000000001101101100011100101001011011110000111000101000011100000000111100010010001010101100011101000010101010100010111000010001100010111111100011001000010001101101110
1101000110000100000000000110101000011110100110101110011010010001000001100001001110000110011111000011101110111000110110100101001010011010111111000010011000000001010011111110011100000110111010101010111011110100001001010011011111110001101111110100011110000001
0010110001010111110000011110100111110011110010000000111111001111001011010110110001011101100000100010100011011001000101110011100000100110001000110100010100111100010001111000010111111011011110110001000000000001110001001101010001111111111100000110010011100000
